1 
icosahedron
12
0 4 2.48
0 4 -2.48
4 2.48 0
4 -2.48 0
0 -4 -2.48
0 -4 2.48
2.48 0 4
-2.48 0 4
2.48 0 -4
-2.48 0 -4
-4 2.48 0
-4 -2.48 0
1
0 0
20
4 3 0 6 2
	0 0 0
5 3 2 6 3
	0 0 0
1 3 3 6 5
	0 0 0
5 3 5 6 7
	0 0 0
1 3 0 7 6
	0 0 0
4 3 2 3 8
	0 0 0
1 3 2 8 1
	0 0 0
5 3 0 2 1
	0 0 0
1 3 0 1 10
	0 0 0
5 3 10 1 9
	0 0 0
4 3 1 8 9
	0 0 0
1 3 3 4 8
	0 0 0
4 3 4 3 5
	0 0 0
1 3 4 5 11
	0 0 0
5 3 7 10 11
	0 0 0
4 3 7 0 10
	0 0 0
4 3 4 11 9
	0 0 0
5 3 8 4 9
	0 0 0
4 3 5 7 11
	0 0 0
1 3 11 10 9
	0 0 0


0 2 3.24
0 2 -3.24
0 -2 3.24
0 -2 -3.24
2 3.24 0
2 -3.24 0
-2 3.24 0
-2 -3.24 0
3.24 0 2
3.24 0 -2
-3.24 0 2
-3.24 0 -2
1
0 0
2
1 3 8 9 5
	0 0 0
4 3 9 8 11
	0 0 0
 


-4 4 4
4 4 4
4 4 -4
-4 4 -4
-4 -4 4
4 -4 4
4 -4 -4
-4 -4 -4
0, 2.47, 
12
0 1
1 2
2 3
3 0
4 5
5 6
6 7
7 4
1 5
2 6
3 7
0 4
6
1 4 0 4 5 1
  11 4 8 0
4 4 1 5 6 2
  8 5 9 1
1 4 2 6 7 3
  9 6 10 2
4 4 3 7 4 0
  10 7 11 3
5 4 0 1 2 3
  0 1 2 3
5 4 4 7 6 5
  7 6 5 4
